-567627.8536969933
 -39575819.176633805
 -50409952.456276655
 -141708.42538042125
 1743922.6274659242
 88388.44890394126
 -34406590.10443884
 -29125314.090817507
 5441151.557844129
 -17201045.239496663
 -46170238.94857724
 -52938830.90505185
 -38790865.844313
 -485018.37054050143
 -24099573.493218794
 -34481038.18893421
 -23522348.8980579
 -47174331.1744356
 -40988017.164028
 762088.9873313108
 196682.62621985772
 -18244227.415827267
 6309701.416156892
 -13343.76927946497
 267297.1574317641
 144769.91465096187
 1896500.6138958992
 -39735827.88566128
 -213518.8756763307
 334882.9728307874
 1471519.702453774
 -36999080.32592685
 -21078924.3580496
 3856636.614746404
 -42262092.231982544
 -73636.19634845149
 -12223675.820946293
 -25435136.125263177
 -7841263.849564086
 -18408530.455360834
 -16044.444444458375
 -41408982.16270871
 -55563744.81359189
 -14414549.515082054
 4142816.974052676
 -26822916.609978665
 10967761.734050833
 4911864.818105422
 -60796.96435091226
 2115335.7397686206
 9307893.57228424
 -17410471.194572564
 1933042.8056860804
 1866657.1184695663
 5847068.270701349
 -4528.258598953596
 2458427.6170817115
 326444.30289183854
 8847007.970985128
 -1319751.314035724
 -3479115.8659171537
 -17727.38320765928
 21546.38443944609
 -19039527.620290868
 -36694945.35616046
 6063306.100558728
 -94108.77319679994
 -22836275.998459816
 2578221.4757875353
 -11145430.793070287
 -4557939.2767924145
 1341026.0060178782
 6120112.730526803
 -771297.8057154475
 -5990632.834124919
 -15104602.913717221
 -9664.595587384993
 -31562856.394771602
 2021262.0785056083
 4399751.180909948
 731931.4805653603
 -20841280.141962685
 -432195.1083610479
 -316468.16726949246
 275171.0264869607
 4661968.018365022
 -43084.75544144829
 -87311.02055933268
 756266.4180193428
 528156.5801045804
 455976.33052827365
 1483307.329414316
 -9975176.689097336
 -4539278.658426618
 513364.21732362953
 1568708.2346645705
 448867.178317099
 -32403643.496832512
 -34855171.44271049
 -549861.1993820029
 -9632177.355627488
 2751198.9072547792
 -8662751.958169015
 454905.1044418154
 148822.86845290405
 -13013115.425437639
 1437433.6984876422
 405477.0123190385
 5008678.3425484225
 -23096.803359464
 -9478673.856234187
 -2965952.508410928
 101272.85703281948
 -1160905.3769676297
 -22798194.09044017
 -23017189.639267657
 1556682.5119495895
 79564.73972897668
 -31152942.0631723
 146415.8046920146
 1701579.1646250312
 -7857696.47665785
 -2210678.4149891827
 808497.0158194011
 -191991.8222971066
 5311590.7801809795
 -17845327.85979404
 -27423177.598861843
 -40900086.63815645
 -33707065.93325168
 -42412822.150177255
 -1331793.5465369192
 -42965202.98076024
 6566000.7670075875
 -7321828.310184094
 243703.89628104132
 -20359800.38278064
 -25521942.654362727
 -25266437.933868118
 -99419.16505374949
 -45383.23854703878
 96619.34480613183
 -20644581.375496715
 -845273.2318046701
 -536449.4203870933
 2737115.210205395
 1670000.2048531335
 -14728667.16719029
 -9418644.08250199
 -52520.91244712935
 -14324714.67601112
 7594245.059886859
 -9434421.497859271
 -35525170.76581158
 15138.543033474896
 414811.6707439826
 663407.2812576658
 -13105014.880794866
 1134056.6591854934
 -33761532.36092232
 -31532293.747590035
 -21039747.393086072
 -11314012.064972844
 416850.03494592756
 -24185449.714519724
 -44732.40241156399
 1071078.144604134
 1425912.873713896
 1018783.913831654
 -622699.610153177
 -487442.8124250342
 -37974222.13721203
 -27183744.160646375
 -33988275.56311766
 -35138953.12556202
 49841.31945224135
 -6545532.219113635
 -18641312.24309433
 -53167323.59326601
 -15454761.817177761
 -40618562.50182089
 -10320927.614173662
 7103608.976622649
 -12794632.969857506
 -16892482.945574522
 528241.4275590095
 -11884197.598101227
 1496728.7695432093
 -23735317.481178395
 -10842400.490070585
 -9821307.502218822
 348496.3682715171
 -14573035.790034907
 -17048414.907048106
 -8546086.313326322
 -18489398.290293626
 145927.88068774174
 -383791.55450296594
 3234032.784125498
 -7988326.949796697
 -6725742.528771186
 226158.72662359916
 -10794149.361855082
 -148746.53978440195
 6535395.962393089
 -24893998.241669845
 -17641264.648887448
 -2203956.0103261443
 -1026879.7416732707
 679679.0743371673
 -25722693.518976193
 1931943.8229711566
 -45853689.25417389
 -12596487.549153218
 -74715.18422557408
 11021760.129532006
 -42027777.09042681
 -539184.9406161292
 -39709.3797213842
 805085.6368935573
 820461.7738074097
 -2194.495910128062
 -47328599.36566561
 1654882.4424782288
 -15621671.121371392
 -26993939.011575155
 -174242.31576594256
 -56968.143189233124
 28441.974633065394
 -6634130.318559822
 -16698978.715755891
 -22497209.65064277
 -57459564.28054483
 121410.24327743394
 -22963647.76633515
 -9298362.445504813
 -7111475.200416053
 -8120776.541252285
 -9796719.652906042
 -1939665.6162272329
 -8135101.193677709
 -10807440.868830796
 -8397087.130448682
 -36003576.89667419
 -19348641.23095458
 2546904.4742936837
 -24767527.695101887
 -31269687.883457944
 -24669673.98996818
 310482.13853515295
 -4862031.515249219
 -34950646.92489424
 -20870701.48626454
 -2403898.1589031545
 -213741.4521886413
 -339043.447995146
 255835.88604079108
 2821708.713696224
 -44574694.52299214
 2804892.1282361858
 -9256787.825959492
 -4682084.130654503
 -29559404.80879934
 -20492973.467868634
 -37618411.303345785
 -7816299.231581354
 89461.38113903182
 695261.7306316997
 -49992713.80468655
 -22153263.906730995
 -44032901.181565925
 378942.4241658334
 -36922961.98543355
 -45417810.50553894
 -5409869.140823731
 -39310287.59888608
 -9641.397404399962
 6359445.799815478
 -28805847.327509355
 -6244385.302971292
 -290359.09980636154
 520673.8001425977
 -11870926.08934442
 -2576453.8338140403
 -28673849.665460303
 -38703458.04358191
 514741.1689389456
 -16968160.390723042
 -5421754.937514681
 -35658018.14102618
 991566.0974344765
 433592.54761491105
 -11379204.570102002
 449075.8625138402
 -25128713.199060448
 -4927411.537330417
 -1770043.1704742229
 -5888.994293294039
 -496821.12208857486
 -12967350.039779492
 37303.78524823827
 1659058.3056314995
 -15650899.183502618
 -15458912.329304697
 -11631208.857624227
 -1627507.0031603593
 295528.815443437
 -64922.66416699951
 -100381.77585550176
 1318033.4376349384
 -19773719.658854406
 393752.7420116151
 -6273523.694868568
 -3089667.7099821335
 -6696152.33433294
 -104342.95004931699
 -46872739.8678622
 62380.2669316493
 -41253.00406577175
 -42357588.67997432
 -33667858.768620096
 -52091240.60345465
 -36407032.1139622
 -19117992.9218212
 -15524.90526560768
 105451.01914730782
 -468132.0760804897
 -30622743.529306024
 494768.2969935013
 1821577.073937408
 -14795.291535148572
 706954.6088846688
 -55314426.87027619
 -8933969.21033987
 -13221719.902972694
 -24995104.739874765
 -23514766.607380603
 -3093564.346715758
 -826112.4558955666
 -16114296.518662319
 -17023366.55075315
 -7390216.328114894
 763659.2578489368
 -22223368.05133144
 -12932611.285693316
 -36299746.0711012
 -9688075.562824905
 -23998838.990726016
 -9313017.792803708
 -12757616.058761837
 -23075974.899632014
 -12263796.920038085
 684618.5290060794
 -42155326.09942092
 -5382176.452602157
 -10665337.462915251
 -5523052.50581133
 -20488675.56242705
 -12093461.615781803
 733074.0169605514
 271877.62146525667
 -22759345.529108983
 -1049240.1188699333
 -5385252.576612981
 -2821826.6539284764
 -6296469.882682364
 -3554.1632877630027
 6062168.822527757
 -14015036.827621829
 73851.59467784682
 -10185937.361171927
 -6032123.558985478
 -12776960.293824501
 -24348648.621186502
 -3674378.4073116123
 -2908906.74049072
 -3775282.6655939277
 -898145.5923953576
 21582.59616769915
 -37266984.21236856
 1035896.8335566449
 -4751003.814480667
 -19012423.053333145
 22390.58834350331
 -409626.0401323389
 -52924841.40483082
 -1238039.6107483502
 -24425927.347418062
 527761.3820112832
 -8407310.93385417
 -9616252.296857841
 -6948625.536298251
 6178898.864436682
 -3995891.6140080737
 -13097590.93714103
 -12291696.98922963
 -36050.1126285098
 -301247.88767369254
 -44659097.18169234
 -7561535.038287869
 -12045076.903997794
 -10369260.76615253
 -37982901.708033934
 -13968116.376654513
 -11152972.983770601
 492687.61600227386
 -5090156.512035413
 -9399897.745399192
 2002221.091258627
 -24856189.807104737
 109674.50673821065
 2082916.607150245
 1399891.7838142877
 -23485748.448227726
 -9829138.365859268
 891868.7833253072
 -21066036.872209724
 -13972041.915009607
 -9730777.950684076
 -9830097.46442758
 -17037126.55099675
 -15305539.276703425
 -8775748.578898914
 -17231487.37831297
 -15625575.785073519
 -9323944.429808654
 -23554838.86968644
 -1714305.9968253088
 -4161851.354664994
 -57340.89152810656
 -468771.5625983774
 144606.87416516372
 -27499059.876861844
 -28134691.30114433
 150893.99058302154
 -21856098.239869345
 3512525.6959828325
 509344.3280586038
 -14212967.071918618
 -27143274.904871423
 -18164170.95483961
 -401438.21060427243
 -14666.061955128807
 -23556.46956780292
 -15875.388203139111
 -32141844.994409837
 -53687283.894081585
 1631948.2111446662
 -29087252.718274962
 -14063481.235858683
 -13548144.375874586
 -74640.42345194874
 -13093766.211202208
 -9965901.451118471
 888768.8415787267
 -9572710.382465046
 -9440154.690172495
 -4394399.285723525
 -6361617.440434523
 430935.95728811173
 -36702.57392263523
 33333.61012859442
 -10143288.344274975
 1060479.7475521923
 -10888428.339408979
 -139617.0643635738
 3756284.451368946
 -13448862.325862478
 -10939318.011727914
 -12621538.332427157
 -10559082.232761804
 -18519824.850572284
 -25957966.04629646
 -1133250.7185933667
 -27287358.399041172
 240671.56795803603
 -13492108.081645451
 1339663.731682743
 -6788430.71763006
 -31609657.499588747
 -13700971.748189555
 -4349853.743410305
 -15726511.18397493
 -29119.774092971405
 -14934975.34182806
 -20801650.131194927
 -8793416.11457275
 551335.5687821723
 -11527726.758482464
 -4776538.728613268
 -178559.02750182926
 -22585694.161401667
 -6232135.492404338
 5718038.340062453
 -7407001.457083338
 -2803332.3399877287
 -25740051.320033494
 -10292259.412209103
 1406753.6130042048
 -6319108.041289533
 -8082640.107450298
 818394.6101377634
 -3053590.593530206
 -11904210.010532055
 223972.68406951826
 -30233170.162734516
 -37793483.26947993
 -46509605.87504563
 -26246091.90486027
 -2971.8491914337937
 -4283236.65519876
 144947.91668001143
 -26186095.743783057
 -10848795.90005643
 -691101.8855994196
 -22299.5698162054
 118029.76234503668
 31480.989120764207
 -29565909.15202378
 -32845957.640149523
 1057613.5844502505
 -48486424.09877954
 -27213346.169675224
 -19034319.696180586
 -112063.50024825787
 -16240837.09691542
 -12694787.79232098
 -587615.8726095136
 -9181202.290385248
 -8420033.638213184
 -9975858.610750625
 -7886271.061074873
 -13846612.504446968
 -14534071.583879858
 376386.3511501953
 -11690538.802464433
 8685989.000406688
 1633633.6813178563
 1706609.303793275
 -7775174.14326917
 -9210419.540388957
 -1198547.790829252
 -29600.27387061693
 -116690.21844988536
 -16516780.95549206
 -11569828.818510156
 -9809737.247743554
 119201.60970189553
 797883.3612947341
 -10599017.491927518
 -47656471.92825475
 -22504391.113920238
 -4976402.190928268
 -29597271.670269217
 -181058.8541317602
 -20641915.016884983
 -2660928.705254706
 -400093.04871482204
 -11747454.743357755
 -11491548.167065125
 -36576564.75717546
 1286143.556664681
 -22960980.76248782
 -5666716.748034654
 -6655022.037176231
 -79164.07093676095
 -13344401.997749131
 214513.54771850415
 -7712274.350905993
 -9577416.374902304
 -23665697.113340303
 27866818.933711626
 -3937861.4240941526
 -8148262.188571666
 -16916520.81194079
 -42859824.80565809
 -4876.848195268918
 -47982758.44711834
 -48445887.90637763
 769116.0092682457
 -30974548.846912406
 2725245.745842199
 -25998110.32169779
 -271633.51052000094
 133188.3308885082
 -21304708.375257812
 1978720.2513988886
 -15905526.08942413
 -21364671.920730017
 -13520550.549991086
 -189550.6800891242
 1304517.6755575896
 -104096.74548541819
 -14174524.756185917
 -12655877.261337448
 -370667.2788946841
 -17048414.907048106
 -26696577.486784033
 -142735.70064729056
 1948642.024327624
 -14891622.764356893
 -10574700.646766085
 -20955631.334437527
 -5154572.625340164
 -10381348.257707395
 -37203078.63418335
 -33895510.81258263
 -46238.08006217391
 -111232.06272178711
 -39921.629847964665
 49876.782105320955
 -31169104.302347947
 -251358.72381677825
 1069406.3376916244
 -1410431.461233993
 -20145004.207078014
 -6733359.532226611
 -500736.180066043
 -35866326.65570983
 -229508.69392189037
 3046399.434475838
 -46071063.801076934
 3085480.9793893048
 -14452777.097131401
 41541.403619003744
 -23184180.915148303
 -17050367.830093283
 1105389.553025771
 -1117305.7487315272
 -36970788.138444334
 -14128479.173842687
 936166.4299751769
 902712.4378654019
 -34186657.20162369
 -47254847.699182324
 -39894622.64950532
 -1398896.5416560473
 -13944.700356998816
 382102.71690667694
 -33134045.771517176
 -1258048.6574593373
 -13906190.18432479
 -12985.612678477046
 -7815093.382507047
 -11314310.892712802
 -11552813.005234547
 3881422.5587251075
 2208984.031977452
 -22225084.29194399
 -14529154.380753659
 521090.80860753276
 1614757.5480843491
 -749918.7011101779
 -11330018.461880622
 1159873.627377192
 -12201910.474161565
 -9581472.356145553
 -13773258.417992864
 -12346502.463399276
 -12152975.828403471
 -9619499.103371363
 -11549742.794325445
 3849748.707028491
 -38166931.36162638
 3334544.7040478396
 -13863479.595529718
 -3154182.3446266996
 -2471504.977301304
 1312083.4403248164
 106854.85314426266
 618447.8953067362
 46267.62475611312
 168031.55536456514
 -9283110.291262928
 -9203933.76435377
 -6385072.390160244
 3418361.368767665
 -33781347.546321586
 -34329511.7755323
 5207196.913366197
 -12333083.456555167
 633587.7888305527
 -42386977.90784714
 -37924974.8730928
 -189781.13923173526
 -6587051.568153052
 -16385430.43435095
 -40900.55994006312
 10883.931844403302
 413379.31141713064
 -30800619.839494653
 -40825811.886013746
 675581.6114510642
 849823.8283695
 -26518405.240999013
 -17836307.662941765
 -10015399.74647832
 -10310527.995184619
 -51965702.77219306
 -8171658.596577322
 3096644.843099242
 -10357.967733920552
 -6029081.1601252835
 -7129917.499433843
 -9583.066245285932
 75761.91793771979
 -10410264.433506198
 -11991.960170622639
 -21121838.286067385
 -379256.3250136917
 -10915624.880294189
 3623457.8163400684
 -1975686.6181573882
 -1020837.3909288466
 -26216820.81098611
 -10810603.699166032
 -9798.500518243074
 4052.5358132743713
 -14898.151525186135
 -20342722.472149543
 833583.1729309836
 -837342.2012852038
 2598551.0089629143
 -9744204.4983442
 -169348.5593514483
 -46127522.79674792
 1814286.8422894322
 -9194915.623922799
 288072.6123000313
 -19397275.31686209
 4954956.474707692
 -2152622.4330199664
 -30848924.693023734
 -7047961.544404228
 -930571.5865124103
 -13930.508478400443
 121734.75445348537
 5192934.627280239
 2639139.005533043
 -6449772.006823953
 -2631978.818104965
 2406606.5274557844
 -46843213.409330584
 -3950716.839519975
 407985.03019938176
 331034.3825106111
 45763.93819127059
 1564930.9729213119
 3298358.9469002197
 519672.21665815136
 -54521966.30096306
 -46326389.13399161
 -51424612.26852511
 -17907479.461498354
 -16400186.238803063
 73751.7601703344
 -27588811.752556123
 -1555687.4770239268
 -13066629.03157463
 -27755.392053042055
 2518535.27394828
 -8569052.30545421
 171816.12581907725
 1055175.4256196953
 -12155792.954925
 4803174.903183941
 -11498200.556976106
 2457156.3049700256
 -119417.37108255517
 762303.9124199918
 766479.1810637144
 -9191727.112582533
 162932.05095196908
 2766842.841836766
 9868272.843272127
 -8380877.5080073755
 173810.40879792537
 335564.85303579195
 -10895844.16780594
 -12386300.619298685
 -21753709.323400557
 -10253945.828050427
 645941.2574096548
 -26451.572355602577
 151560.4831247338
 -10417703.437489588
 6418405.302643811
 9732273.672662817
 -16712025.1775888
 -2479889.860614873
 -15532356.343326297
 -39157.24162222479
 -13072462.146924833
 126460.32697637318
 -5039114.867204292
 -14235377.922668016
 -7013565.294298629
 -7975044.556047714
 -3597984.8450398105
 2289937.9887075806
 -17317591.414526924
 -7956010.107399515
 118910.29576957131
 199948.55902631904
 -31440665.4066201
 -15206770.806097882
 112908.77644506826
 23819256.660184715
 -38604366.602978006
 -2345524.555929875
 -13796677.812002767
 1363919.9390304354
 2857077.7795326174
 -26584587.241552632
 -3101975.226939103
 -88343.85696297174
 741523.3120956273
 289136.83538859745
 247004.16976132765
 11336200.544875592
 -5005470.5731853675
 -16123863.021034556
 1950039.9360892903
 -44987446.08218944
 -19246.46163677443
 -34303.70693165605
 -123389.33896189847
 1119999.2704130146
 1042603.8962250839
 2872465.4674525606
 -15310703.4603151
 -18763152.647127435
 -63339.083528623625
 957803.0442415366
 6475.600133752232
 1308506.9957586906
 1152139.2177526033
 -8383882.893860146
 -8639951.308254197
 -13937396.904249867
 -3523265.148637906
 -46962228.202419326
 -5432568.033176234
 -67719.86216788378
 -93411.07302104664
 -33083047.27227604
 -16988787.18574291
 -17062858.799205616
 -20776016.278204877
 -25439156.06930095
 -13559935.664275773
 -5841454.273242986
 541778.7866130907
 -44063.10210931914
 1380078.5038110174
 -17322759.378673993
 -9506385.834127909
 -8181567.773330019
 -76824.81101765297
 -13552482.411912367
 -29673282.863811526
 -995761.5888617552
 9131631.610563425
 -8488785.936546115
 -11464518.315826004
 -34818571.237911746
 -7889479.449520812
 -34326.520487130954
 88330.95310818295
 556523.3315605475
 -10048877.3271204
 -57090296.97389743
 -19717989.96613262
 -7347501.894541191
 25927.611176336017
 54615.41320454824
 -13587098.543669697
 -9973484.865560483
 2087309.9637480627
 -6786841.9273364125
 2745260.676084404
 -1247506.9543078365
 59474.52192836522
 463170.19120330235
 1102100.8038818415
 372909.19862743473
 -11911954.498116586
 3379058.119948838
 880085.123040484
 648957.1898250836
 -13064942.004672945
 -7605155.475475949
 8225514.674698181
 -13261818.84023764
 5549816.8273417475
 5456797.453959556
 -31100347.329784904
 -834.4751713365258
 -36471210.28980355
 -1741864.1405619453
 44433.81211460119
 242055.699348818
 20257503.373605475
 -12140206.445472972
 -18366573.833489425
 -36570.74261555133
 -309369.6206526352
 -28216.73816764313
 -34225239.68868114
 3188568.7418109975
 2692490.5638043303
 2114128.463692008
 -24497074.38107466
 -13591347.262692023
 233595.28170674795
 -832090.6094469399
 -43874203.02072341
 -15458878.705092955
 2441276.2591214078
 -10566987.898837078
 -9784810.748176213
 -33251047.949279893
 -12020117.549426058
 -39713.88887573702
 -11056174.011361325
 -12234119.756087838
 3849143.013315698
 -3503214.6929447567
 -13450682.673167415
 -43724330.83329332
 -6818437.623563739
 -16479838.782357333
 -1502814.8475739816
 -47065246.43504652
 -9269539.586163826
 -14886.589542077518
 207406.04992925952
 1137241.435493677
 -12746.404442844942
 2045238.8709922307
 -43631790.767309904
 -43599279.539706945
 -7016854.245374773
 4589527.144630447
 -2832958.599658562
 -10869499.581174884
 -19317714.653968617
 -20734817.993588187
 -18904133.799010124
 15394.357331850446
 -87146.24085376607
 -159684.59935774503
 185706.50254547858
 2305851.985486969
 -23790996.183839135
 -24678952.054334734
 -9315309.128504263
 -32865469.27359189
 -750589.4277723157
 19916774.99621106
 -25432828.980044596
 -42661164.42118941
 -26905834.142098054
 -1211210.8056282026
 -13954659.797372764
 -1250831.4280573702
 -12539.9707389065
 -25020004.113107994
 967496.3253711666
 -2972209.179576313
 -31193397.188429695
 -45574208.99186734
 14662297.406864883
 -3375041.449522795
 44166.926586251786
 -9208662.867858276
 -15225148.750414407
 -18596945.389250055
 -38602481.979514316
 -6919948.411816984
 -22783587.639464535
 -19521183.032833826
 2825904.6257834053
 -10543787.436993651
 121383.93102101331
 -4040281.934415274
 -6766139.661804031
 10993763.903459571
 2488052.025034312
 -10629996.028041096
 -10297867.66418373
 -34889695.36619878
 -15508793.610934613
 -24346642.663174473
 -11590599.14287018
 850290.736816038
 3645908.9126088815
 3050712.532289791
 -11578692.631241376
 -7247239.93153308
 -52232453.83743256
 12252898.473470083
 -39226539.98545364
 -29088.486160033208
 -15748722.268698469
 -13445796.749861684
 -6929392.694946367
 -42845121.280185446
 -28214435.43671657
 -32383527.87186283
 -2068099.810539208
 -28064364.263286468
 4029052.8066486446
 43683.76597369973
 -219760.18916110153
 -29044392.181921512
 118784.31730782683
 3295427.597483877
 2140254.305480078
 3555824.017939592
 2258135.3516914975
 7517514.430380985
 -741309.2010792684
 -15230574.736148912
 -24930340.190342538
 -398574.22986761894
 115447.56016451688
 4100.677706934723
 522335.4806733338
 31816.029069088072
 -121818.7243057579
 -132306.34103750484
 -27560063.976802226
 -60847.194092961756
 -27599901.735490188
 -17130032.873571664
 -28905425.828189224
 -6751103.150904249
 -656657.211263405
 955656.8863429616
 775454.6025044965
 -30989823.611484576
 -36083578.40699356
 -29972296.8936885
 840891.775384401
 119211.21704766393
 -14096216.558800563
 77093.29276392676
 -108142.59961488645
 -8938842.4067901
 -1919004.3308740847
 -2235235.300789549
 -21648327.6017865
 3726313.96694004
 248118.9442314746
 48596.869838832456
 -27372041.01005569
 894473.4408185859
 4646364.813734952
 2501678.7071642634
 -8411843.569004314
 2015943.914593643
 11630578.691534474
 -24205363.928118728
 -33167448.76763841
 -9742028.741713911
 -21305019.56947583
 -34269.84747556072
 8570.603715852649
 303350.392451614
 151834.20652798994
 -18752713.380501796
 -8887543.421197169
 -4357915.717910543
 -22298.603596635014
 -13124584.104684064
 -13409320.282956718
 -12119071.271437101
 -82449.16841034126
 3816101.257917995
 -5794757.020247474
 -36657026.54968043
 7935288.6375498865
 -14910705.109210463
 75611.8903073598
 482.5975056809111
 -286251.2737147552
 1184163.2687159409
 3483956.964956751
 421276.806881644
 1154200.940044401
 -36837706.72577539
 -560364.837564518
 -16204274.082136761
 4422519.488973833
 -21431036.519029208
 -13520667.999370405
 -14068.375218996567
 238606.80558981228
 140880.11354389042
 26520124.405961707
 6067095.869220065
 -6741730.101939362
 236950.83438328735
 -13830726.951984398
 2275851.7616778985
 21972.089789065183
 -19287626.876979835
 -11706809.539155234
 8128750.540105464
 -11706930.883736232
 -23584361.375316188
 -2604657.455339507
 520255.0302841644
 -14529708.13881373
 -12748337.050972953
 -9012988.756933099
 -7340622.750784099
 -12256422.37426892
 -25349357.559497535
 1452221.029966894
 1529720.2390118602
 -8856822.002375936
 -10818634.053137416
 10628482.706682784
 -7311056.186003624
 -50279611.843782246
 -12171621.567465294
 -4124637.8193397745
 713546.7239761115
 10864490.549754031
 -17409567.666069545
 -17314892.426757585
 -11013205.498912016
 105284.95807061766
 -18154701.674542367
 2807787.0485870093
 -9879529.232570585
 